52	3	18	0	16.02.2021	4
94	4	15	0	18.01.2021	3
93	1	16	3	28.03.2022	2
92	1	40	18	14.03.2022	1
48	2	16	17	13.02.2022	2
43	1	25	0	20.02.2022	3
53	6	33	13	01.03.2022	2
40	1	59	27	03.04.2022	0
38	6	31	26	01.03.2022	1
49	1	11	0	15.01.2022	3
50	2	15	0	25.02.2022	4
29	1	55	0	28.01.2022	3
78	4	32	0	26.01.2021	3
51	1	46	34	27.02.2022	1
31	2	7	5	02.04.2022	3
28	3	11	9	02.04.2020	0
27	3	29	0	24.03.2022	2
94	2	42	0	28.01.2022	4
94	3	36	25	18.02.2022	1
95	3	41	0	14.02.2022	4
11	2	52	0	11.01.2022	3
25	1	49	23	26.03.2022	1
90	1	48	30	23.02.2022	2
25	1	26	0	17.03.2022	3
41	4	2	33	06.02.2022	2
90	1	56	0	04.01.2022	3
22	1	62	0	24.01.2022	4
65	4	52	39	06.03.2022	2
74	1	28	0	01.02.2022	3
26	1	13	0	13.02.2022	3
21	3	40	54	13.03.2022	1
25	1	17	0	03.04.2022	3
55	1	46	0	07.03.2022	3
67	1	44	0	06.01.2022	4
7	2	35	0	26.03.2022	3
46	1	61	0	18.01.2022	4
97	2	39	0	23.02.2022	4
54	3	14	0	04.04.2022	3
21	2	33	6	20.03.2022	0
27	3	17	0	17.01.2022	4
45	1	5	0	12.02.2022	3
57	6	1	16	26.03.2022	1
37	1	22	15	10.03.2022	2
62	2	45	0	12.02.2022	3
47	1	57	0	15.01.2022	4
11	1	7	0	09.01.2022	3
3	3	38	38	04.04.2022	0
60	1	44	51	11.03.2022	2
79	6	27	0	02.03.2021	4
78	9	16	0	29.01.2022	3
10	1	33	0	21.03.2022	4
63	2	9	0	11.02.2021	3
23	3	1	0	12.01.2022	3
9	1	17	45	04.03.2022	1
6	1	56	0	19.02.2022	4
4	1	35	0	19.03.2021	3
21	2	49	58	23.03.2022	2
88	3	5	0	22.03.2022	3
96	1	38	0	23.01.2021	3
95	4	10	0	04.02.2022	4
72	1	43	10	22.03.2022	0
1	1	34	0	04.04.2021	3
8	2	27	0	01.08.2021	3
51	3	39	11	05.06.2021	3
51	2	37	0	08.04.2022	3
28	2	20	0	06.04.2022	3
1	1	2	0	02.05.2022	0
10	2	22	0	07.05.2022	0
11	1	18	0	06.05.2022	3
9	2	16	0	07.05.2022	3